0.627082 0.0192235 0.778716 -56.5195 -0.077944 0.996227 0.0381736 -7.41262 -0.775044 -0.0846342 0.626214 -59.9902 0 0 0 1
0.797797 0.0149404 0.602741 -55.433 -0.0588727 0.996846 0.0532156 -7.15378 -0.600045 -0.0779403 0.796161 -58.2595 0 0 0 1
0.816629 0.0166357 0.576923 -54.2116 -0.0607136 0.996515 0.057205 -6.9092 -0.57396 -0.0817423 0.814793 -56.5528 0 0 0 1
